wavelength / nm	10oC	20oC	30oC	40oC	50oC	60oC	70oC	80oC	10oC again	bas10	bas30	bas50	bas80	basmv	10	20	30	40	50	60	70	80	10again
250.00	1.3110	1.1264	0.84723	1.0994	1.0848	0.67232	0.44207	0.55984	0.84067	1.1402	1.1227	1.1158	1.1641	1.1357	0.20873	-0.011065	-0.34340	-0.043256	-0.060542	-0.55163	-0.82573	-0.68553	-0.35121
249.00	1.2880	1.1204	0.82958	1.1250	1.1098	0.75509	0.51865	0.53241	0.82233	1.1472	1.1295	1.1272	1.0964	1.1251	0.19390	-0.0055536	-0.35178	-4.1667e-05	-0.018208	-0.44046	-0.72193	-0.70555	-0.36041
248.00	1.2919	1.1061	0.84102	1.1088	1.1271	0.79687	0.56878	0.48822	0.79561	1.1644	1.1258	1.1332	1.0293	1.1132	0.21278	-0.0084554	-0.32396	-0.0051458	0.016640	-0.37653	-0.64806	-0.74396	-0.37802
247.00	1.2681	1.0749	0.83219	1.0947	1.1086	0.81438	0.57160	0.42641	0.75860	1.1915	1.1147	1.1421	0.96266	1.1027	0.19683	-0.033196	-0.32209	-0.0095411	0.0069232	-0.34329	-0.63231	-0.80516	-0.40970
246.00	1.2348	1.0735	0.81415	1.0185	1.0609	0.78951	0.54587	0.37150	0.69796	1.1749	1.1114	1.1084	0.91014	1.0762	0.18880	-0.0032271	-0.31196	-0.068656	-0.018203	-0.34130	-0.63135	-0.83893	-0.45029
245.00	1.1669	1.0347	0.76007	0.96028	0.99105	0.76016	0.50363	0.30175	0.65023	1.1686	1.0824	1.0852	0.83198	1.0420	0.14870	-0.0087071	-0.33567	-0.097321	-0.060693	-0.33557	-0.64095	-0.88129	-0.46643
244.00	1.1115	0.97504	0.69216	0.90214	0.94916	0.69363	0.43131	0.17742	0.58028	1.1559	1.0651	1.0867	0.79851	1.0265	0.10119	-0.061310	-0.39808	-0.14810	-0.092125	-0.39633	-0.70862	-1.0109	-0.53127
243.00	1.0617	0.92936	0.61594	0.80690	0.86206	0.58837	0.29681	0.019665	0.49935	1.1466	1.0771	1.0668	0.78357	1.0185	0.051391	-0.10615	-0.47926	-0.25194	-0.18626	-0.51209	-0.85918	-1.1891	-0.61806
242.00	0.95671	0.87192	0.52983	0.66712	0.70590	0.44015	0.17248	-0.11611	0.37332	1.1318	1.0608	1.0578	0.74925	0.99988	-0.051395	-0.15233	-0.55958	-0.39614	-0.34998	-0.66635	-0.98500	-1.3286	-0.74591
241.00	0.85023	0.79039	0.42906	0.55074	0.58614	0.31181	0.0014594	-0.27548	0.26579	1.1196	1.0310	1.0466	0.73021	0.98186	-0.15671	-0.22794	-0.65810	-0.51325	-0.47110	-0.79768	-1.1671	-1.4968	-0.85247
240.00	0.75643	0.68029	0.29631	0.42147	0.45102	0.14206	-0.19106	-0.45519	0.15097	1.1180	1.0270	1.0300	0.71205	0.97175	-0.25633	-0.34698	-0.80410	-0.65509	-0.61991	-0.98772	-1.3843	-1.6987	-0.97711
239.00	0.66129	0.55706	0.15035	0.24895	0.27334	-0.054837	-0.37733	-0.65241	0.019764	1.1252	1.0169	1.0076	0.73901	0.97216	-0.37008	-0.49416	-0.97835	-0.86097	-0.83193	-1.2226	-1.6065	-1.9340	-1.1338
238.00	0.50906	0.41116	-0.0019441	0.069605	0.089073	-0.23259	-0.60388	-0.90022	-0.11301	1.1477	0.98800	0.95311	0.72918	0.95450	-0.53029	-0.64683	-1.1386	-1.0534	-1.0303	-1.4132	-1.8552	-2.2080	-1.2708
237.00	0.36783	0.24027	-0.19844	-0.096364	-0.093973	-0.46881	-0.84978	-1.1328	-0.24149	1.1277	0.97916	0.93937	0.71067	0.93922	-0.68022	-0.83208	-1.3544	-1.2328	-1.2300	-1.6762	-2.1298	-2.4667	-1.4056
236.00	0.24444	0.055092	-0.41706	-0.32325	-0.30294	-0.72581	-1.1054	-1.4198	-0.40552	1.1352	0.97692	0.90142	0.75352	0.94176	-0.83014	-1.0556	-1.6176	-1.5060	-1.4818	-1.9852	-2.4371	-2.8113	-1.6039
235.00	0.088884	-0.12828	-0.58969	-0.54928	-0.51318	-0.98353	-1.3667	-1.7190	-0.57659	1.1235	0.97297	0.88346	0.72873	0.92715	-0.99794	-1.2565	-1.8058	-1.7577	-1.7147	-2.2746	-2.7308	-3.1502	-1.7902
234.00	-0.070912	-0.33582	-0.76750	-0.76805	-0.74008	-1.2296	-1.6614	-2.0016	-0.75105	1.0915	0.97029	0.87154	0.73319	0.91663	-1.1756	-1.4910	-2.0049	-2.0056	-1.9723	-2.5550	-3.0691	-3.4740	-1.9853
233.00	-0.24234	-0.54044	-1.0083	-0.99026	-1.0029	-1.5000	-1.9368	-2.2692	-0.92907	1.0521	0.94607	0.88948	0.72778	0.90384	-1.3645	-1.7194	-2.2764	-2.2549	-2.2700	-2.8617	-3.3817	-3.7775	-2.1820
232.00	-0.37207	-0.70401	-1.1757	-1.2204	-1.2812	-1.7320	-2.1953	-2.5503	-1.1330	1.0108	0.95732	0.89837	0.72072	0.89680	-1.5106	-1.9057	-2.4673	-2.5205	-2.5928	-3.1295	-3.6811	-4.1037	-2.4164
231.00	-0.50575	-0.87111	-1.3621	-1.4320	-1.5590	-1.9964	-2.4507	-2.7960	-1.3034	1.0178	0.97384	0.88903	0.70658	0.89680	-1.6697	-2.1047	-2.6891	-2.7724	-2.9236	-3.4442	-3.9851	-4.3962	-2.6193
230.00	-0.63176	-1.0165	-1.6096	-1.6342	-1.7728	-2.2414	-2.7258	-3.0509	-1.4798	1.0093	0.94713	0.90285	0.70141	0.89018	-1.8118	-2.2698	-2.9759	-3.0052	-3.1703	-3.7281	-4.3047	-4.6917	-2.8214
229.00	-0.71537	-1.1440	-1.7963	-1.8154	-1.9891	-2.4761	-3.0036	-3.3198	-1.6491	1.0266	0.94115	0.92100	0.69177	0.89514	-1.9173	-2.4276	-3.2041	-3.2268	-3.4336	-4.0133	-4.6413	-5.0178	-3.0288
228.00	-0.81542	-1.2397	-1.9265	-1.9607	-2.1741	-2.7048	-3.2312	-3.5629	-1.7573	1.0568	0.93759	0.91837	0.70514	0.90448	-2.0475	-2.5526	-3.3702	-3.4109	-3.6650	-4.2968	-4.9235	-5.3183	-3.1688
227.00	-0.85845	-1.3572	-2.0621	-2.1439	-2.2670	-2.8986	-3.4217	-3.7768	-1.8167	1.1027	0.94611	0.94896	0.72869	0.93161	-2.1310	-2.7248	-3.5640	-3.6613	-3.8079	-4.5598	-5.1825	-5.6052	-3.2718
226.00	-0.87057	-1.4272	-2.2211	-2.2785	-2.4240	-3.1139	-3.6060	-4.0369	-1.8668	1.0667	0.94255	0.96675	0.74499	0.93025	-2.1438	-2.8065	-3.7516	-3.8200	-3.9932	-4.8144	-5.4004	-5.9133	-3.3299
225.00	-0.92055	-1.5421	-2.3171	-2.4143	-2.5947	-3.2980	-3.7469	-4.1913	-1.8961	1.0492	0.94035	1.0163	0.76727	0.94327	-2.2188	-2.9588	-3.8814	-3.9971	-4.2119	-5.0491	-5.5835	-6.1126	-3.3802
224.00	-0.96436	-1.5936	-2.3848	-2.5326	-2.7293	-3.4096	-3.9043	-4.3468	-1.9088	1.0431	0.95475	0.96635	0.81866	0.94573	-2.2739	-3.0229	-3.9649	-4.1409	-4.3751	-5.1849	-5.7738	-6.3006	-3.3982
223.00	-1.0022	-1.6151	-2.4903	-2.6462	-2.8832	-3.5925	-4.1013	-4.5026	-1.9535	1.0452	0.92189	0.97672	0.81037	0.93853	-2.3104	-3.0400	-4.0820	-4.2675	-4.5497	-5.3941	-5.9998	-6.4775	-3.4428
222.00	-1.0738	-1.6558	-2.5434	-2.7355	-3.0138	-3.7321	-4.2436	-4.6005	-2.0109	1.0312	0.94615	0.96656	0.84399	0.94697	-2.4057	-3.0986	-4.1552	-4.3839	-4.7152	-5.5703	-6.1793	-6.6042	-3.5213
221.00	-1.1232	-1.7096	-2.6187	-2.8261	-3.1403	-3.8075	-4.3682	-4.7288	-2.0678	1.0543	0.98752	0.93103	0.85944	0.95808	-2.4777	-3.1758	-4.2581	-4.5050	-4.8790	-5.6734	-6.3408	-6.7701	-3.6022
220.00	-1.1570	-1.7937	-2.7330	-2.9363	-3.2795	-3.9267	-4.5551	-4.8566	-2.1134	1.1127	1.0207	0.89028	0.93234	0.98901	-2.5547	-3.3127	-4.4309	-4.6730	-5.0815	-5.8520	-6.6001	-6.9590	-3.6933
219.00	-1.2307	-1.9082	-2.8577	-3.1329	-3.3791	-4.1013	-4.6839	-5.0498	-2.2156	1.0670	1.0084	0.86486	0.91662	0.96420	-2.6130	-3.4196	-4.5499	-4.8775	-5.1706	-6.0303	-6.7239	-7.1596	-3.7855
218.00	-1.3135	-2.1096	-3.0305	-3.2727	-3.5633	-4.2247	-4.7929	-5.1128	-2.3443	1.0698	1.0544	0.84788	0.91158	0.97091	-2.7195	-3.6672	-4.7635	-5.0519	-5.3979	-6.1852	-6.8617	-7.2425	-3.9466
217.00	-1.4759	-2.3436	-3.2826	-3.4873	-3.7905	-4.3526	-4.9257	-5.3205	-2.5027	1.0347	0.97163	0.84501	0.90665	0.93949	-2.8754	-3.9085	-5.0263	-5.2700	-5.6310	-6.3001	-6.9824	-7.4524	-4.0978
216.00	-1.7035	-2.5649	-3.5233	-3.7331	-4.0479	-4.5643	-5.1094	-5.4786	-2.7241	1.0408	0.94992	0.82324	0.90609	0.93002	-3.1351	-4.1606	-5.3016	-5.5513	-5.9261	-6.5408	-7.1898	-7.6294	-4.3501
215.00	-2.0095	-2.8451	-3.7694	-3.9858	-4.2920	-4.7753	-5.3336	-5.6443	-2.9817	1.0597	0.90772	0.79722	0.86828	0.90823	-3.4734	-4.4682	-5.5686	-5.8263	-6.1907	-6.7661	-7.4307	-7.8006	-4.6309
214.00	-2.3439	-3.1971	-4.1138	-4.2639	-4.6037	-5.0440	-5.5413	-5.7806	-3.3043	1.0581	0.94037	0.78430	0.84000	0.90569	-3.8685	-4.8842	-5.9756	-6.1542	-6.5588	-7.0830	-7.6750	-7.9599	-5.0118
213.00	-2.7935	-3.5231	-4.4343	-4.6155	-4.8393	-5.3364	-5.7535	-6.0196	-3.6985	1.0203	0.92977	0.78607	0.83643	0.89315	-4.3889	-5.2575	-6.3422	-6.5579	-6.8243	-7.4161	-7.9126	-8.2295	-5.4663
212.00	-3.2564	-4.0363	-4.7846	-4.9848	-5.2216	-5.6936	-6.1032	-6.2079	-4.1711	1.0196	0.92974	0.77594	0.91019	0.90886	-4.9586	-5.8871	-6.7779	-7.0163	-7.2982	-7.8601	-8.3477	-8.4724	-6.0476
211.00	-3.9574	-4.6183	-5.2796	-5.4532	-5.5863	-6.0798	-6.4626	-6.5999	-4.7674	1.0073	0.99866	0.71277	0.90932	0.90701	-5.7910	-6.5777	-7.3650	-7.5717	-7.7301	-8.3177	-8.7734	-8.9368	-6.7552
210.00	-4.7187	-5.3891	-5.9190	-5.9863	-5.9855	-6.6045	-6.8777	-6.9270	-5.3919	1.0102	0.97505	0.77713	0.82086	0.89582	-6.6840	-7.4821	-8.1129	-8.1930	-8.1920	-8.9290	-9.2542	-9.3129	-7.4854
209.00	-5.6486	-6.1460	-6.7191	-6.5964	-6.5697	-7.1155	-7.3559	-7.3463	-6.2399	0.98098	0.92397	0.81590	0.88272	0.90089	-7.7971	-8.3892	-9.0714	-8.9253	-8.8936	-9.5433	-9.8295	-9.8181	-8.5010
208.00	-6.8173	-7.1452	-7.4931	-7.3960	-7.1853	-7.8026	-8.0746	-7.6925	-7.2385	1.0313	0.93175	0.77356	0.93001	0.91666	-9.2071	-9.5975	-10.012	-9.8960	-9.6452	-10.380	-10.704	-10.249	-9.7086
207.00	-8.1518	-8.2020	-8.5394	-8.2628	-8.0819	-8.5743	-8.6153	-8.2678	-8.3093	0.96709	0.93200	0.80909	0.90944	0.90441	-10.781	-10.841	-11.243	-10.913	-10.698	-11.284	-11.333	-10.919	-10.969
206.00	-9.5570	-9.3938	-9.7449	-9.0965	-8.9215	-9.4537	-9.3750	-8.8125	-9.4512	0.98975	0.95846	0.80217	0.83495	0.89633	-12.444	-12.250	-12.668	-11.896	-11.688	-12.321	-12.228	-11.558	-12.318
205.00	-11.068	-10.655	-10.891	-10.087	-9.8148	-10.439	-10.091	-9.4657	-10.756	1.0303	0.96940	0.86467	0.88691	0.93781	-14.293	-13.801	-14.082	-13.125	-12.801	-13.544	-13.129	-12.385	-13.922
204.00	-12.776	-12.196	-12.032	-11.189	-10.693	-11.248	-10.813	-10.166	-12.309	1.0362	1.0532	0.89460	0.92094	0.97622	-16.372	-15.681	-15.486	-14.482	-13.891	-14.552	-14.034	-13.264	-15.816
203.00	-14.310	-13.563	-13.324	-12.178	-11.686	-12.063	-11.419	-11.043	-13.640	1.0627	1.0677	1.0352	0.95221	1.0294	-18.262	-17.371	-17.087	-15.723	-15.137	-15.587	-14.819	-14.372	-17.463
202.00	-15.515	-15.077	-14.380	-13.024	-12.459	-12.738	-11.976	-11.427	-14.986	1.1078	1.1378	1.1113	1.0314	1.0971	-19.777	-19.254	-18.425	-16.811	-16.138	-16.470	-15.563	-14.909	-19.147
201.00	-16.596	-16.222	-15.394	-13.876	-12.903	-13.336	-12.649	-11.647	-16.504	1.1958	1.1732	1.1320	1.1072	1.1521	-21.129	-20.684	-19.698	-17.891	-16.732	-17.247	-16.430	-15.236	-21.019
200.00	-17.730	-17.013	-16.093	-14.485	-13.517	-13.269	-12.624	-11.945	-17.814	1.3484	1.2456	1.2137	1.2265	1.2586	-22.605	-21.752	-20.656	-18.742	-17.590	-17.295	-16.527	-15.718	-22.706
199.00	-18.368	-17.982	-17.160	-14.673	-13.629	-13.318	-12.811	-12.082	-18.527	1.4286	1.3589	1.2506	1.2151	1.3133	-23.430	-22.970	-21.991	-19.032	-17.788	-17.418	-16.814	-15.947	-23.620
198.00	-18.780	-18.501	-17.270	-14.407	-13.581	-12.892	-12.458	-11.256	-19.130	1.6354	1.4505	1.3259	1.2024	1.4035	-24.028	-23.696	-22.230	-18.822	-17.839	-17.018	-16.502	-15.071	-24.445
197.00	-19.345	-18.057	-17.521	-13.922	-13.466	-12.489	-11.858	-11.002	-19.815	1.6447	1.5173	1.3501	1.1825	1.4237	-24.725	-23.191	-22.554	-18.269	-17.726	-16.562	-15.811	-14.792	-25.285
196.00	-19.243	-17.852	-16.486	-13.328	-12.903	-11.454	-11.138	-9.8454	-19.721	1.7493	1.5182	1.4003	1.2464	1.4786	-24.668	-23.013	-21.386	-17.626	-17.121	-15.396	-15.020	-13.481	-25.238
195.00	-19.024	-17.656	-15.994	-12.838	-11.830	-10.397	-10.054	-9.1125	-19.540	1.7643	1.5364	1.4267	1.2970	1.5061	-24.440	-22.813	-20.834	-17.076	-15.877	-14.170	-13.762	-12.641	-25.055
194.00	-18.518	-16.789	-15.076	-11.746	-11.295	-8.8063	-8.4295	-8.2082	-18.924	1.7746	1.5819	1.4158	1.3672	1.5349	-23.872	-21.814	-19.775	-15.810	-15.274	-12.311	-11.862	-11.599	-24.356
193.00	-18.008	-15.797	-13.709	-10.625	-9.5708	-7.8254	-7.2035	-7.3242	-17.454	1.7402	1.6545	1.4329	1.3737	1.5503	-23.284	-20.652	-18.166	-14.495	-13.239	-11.162	-10.421	-10.565	-22.624
192.00	-17.231	-15.298	-12.379	-9.7021	-7.7277	-7.4758	-6.1913	-4.7801	-15.565	1.8607	1.6250	1.4114	1.5185	1.6039	-22.423	-20.121	-16.646	-13.460	-11.109	-10.809	-9.2800	-7.6001	-20.439
191.00	-16.135	-13.797	-9.8866	-8.4163	-6.3306	-5.1931	-4.7090	-4.6297	-14.364	1.9121	1.7057	1.5050	1.4825	1.6513	-21.174	-18.391	-13.736	-11.985	-9.5023	-8.1481	-7.5718	-7.4774	-19.066
190.00	-13.907	-12.793	-7.5384	-6.8094	-4.6438	-3.9779	-4.8860	-4.8657	-12.916	1.9039	1.7982	1.4999	1.4949	1.6742	-18.549	-17.223	-10.967	-10.100	-7.5214	-6.7287	-7.8098	-7.7856	-17.369
189.00	-11.986	-10.641	-6.2497	-5.0675	-3.4730	-1.9092	-1.8702	-1.9608	-10.849	1.8885	1.8105	1.4599	1.5799	1.6847	-16.275	-14.674	-9.4457	-8.0383	-6.1401	-4.2785	-4.2321	-4.3398	-14.921
188.00	-9.4706	-8.2777	-5.2057	-3.7839	-1.4373	1.6072	-1.7731	-3.6763	-8.9790	1.8897	1.6720	1.4701	1.4534	1.6213	-13.205	-11.785	-8.1274	-6.4348	-3.6412	-0.016807	-4.0410	-6.3067	-12.619
187.00	-8.7540	-5.5371	1.0177	-1.7343	3.9419	-0.91934	-0.079500	-0.33328	-7.8651	1.8284	1.7112	1.4414	1.4436	1.6062	-12.334	-8.5039	-0.70060	-3.9768	2.7807	-3.0066	-2.0067	-2.3089	-11.275
186.00	-5.4180	-2.7490	2.5943	-1.9970	7.4188	3.1503	1.3261	1.2646	-5.9935	1.7157	1.5031	1.5387	1.6759	1.6084	-8.3647	-5.1873	1.1737	-4.2921	6.9172	1.8356	-0.33601	-0.40923	-9.0499
185.00	-4.3527	2.3321	6.9096	-1.6372	5.6035	0.33540	1.7180	2.3666	-4.7127	1.6941	1.4386	1.6655	1.9783	1.6941	-7.1986	0.75950	6.2089	-3.9659	4.6541	-1.6175	0.028408	0.80054	-7.6272
