wavelength/nm	10	10	22	22	37	37	60	60	80	10 av	22 av	37 av	60 av	80 av
250.00	0.015048	0.012976	0.016437	0.025402	0.0092700	0.012000	0.013090	0.015433	0.021555	0.014012	0.020920	0.010635	0.014262	0.021555
249.00	-0.0010835	-0.0094020	0.0029160	0.0063820	-0.0055900	-0.0045400	0.00018000	-0.0029310	0.0035950	-0.0052427	0.0046490	-0.0050650	-0.0013755	0.0035950
248.00	-0.022953	-0.034719	-0.025184	-0.048332	-0.028370	-0.013370	-0.010370	-0.036782	-0.014243	-0.028836	-0.036758	-0.020870	-0.023576	-0.014243
247.00	-0.051352	-0.067859	-0.072061	-0.041300	-0.062620	-0.011410	-0.036030	-0.052248	-0.051745	-0.059606	-0.056680	-0.037015	-0.044139	-0.051745
246.00	-0.070949	-0.10282	-0.099794	-0.069198	-0.090830	-0.081300	-0.042720	-0.11304	-0.051205	-0.086882	-0.084496	-0.086065	-0.077882	-0.051205
245.00	-0.11146	-0.12755	-0.16751	-0.083876	-0.13774	-0.14422	-0.068520	-0.10790	-0.065805	-0.11951	-0.12569	-0.14098	-0.088211	-0.065805
244.00	-0.15070	-0.19171	-0.23460	-0.11035	-0.19602	-0.20621	-0.090500	-0.15571	-0.098022	-0.17120	-0.17248	-0.20112	-0.12311	-0.098022
243.00	-0.20722	-0.25501	-0.31869	-0.15871	-0.27472	-0.29669	-0.13465	-0.19883	-0.10975	-0.23112	-0.23870	-0.28571	-0.16674	-0.10975
242.00	-0.27458	-0.33043	-0.40968	-0.21681	-0.39112	-0.40301	-0.19679	-0.26458	-0.13659	-0.30251	-0.31324	-0.39707	-0.23068	-0.13659
241.00	-0.36140	-0.42477	-0.54812	-0.29453	-0.53678	-0.50729	-0.26040	-0.30312	-0.17770	-0.39308	-0.42132	-0.52203	-0.28176	-0.17770
240.00	-0.45954	-0.54302	-0.68157	-0.44073	-0.70354	-0.64490	-0.35140	-0.37220	-0.24156	-0.50128	-0.56115	-0.67422	-0.36180	-0.24156
239.00	-0.58862	-0.65306	-0.85142	-0.59492	-0.90746	-0.83567	-0.45314	-0.49890	-0.30684	-0.62084	-0.72317	-0.87156	-0.47602	-0.30684
238.00	-0.74038	-0.78192	-1.0869	-0.77516	-1.1782	-1.0612	-0.57761	-0.63245	-0.37263	-0.76115	-0.93102	-1.1197	-0.60503	-0.37263
237.00	-0.91396	-0.95087	-1.3679	-1.0159	-1.4650	-1.3417	-0.75221	-0.75478	-0.44797	-0.93241	-1.1919	-1.4034	-0.75350	-0.44797
236.00	-1.1298	-1.1497	-1.6739	-1.2747	-1.8087	-1.6576	-0.95805	-0.96770	-0.53787	-1.1397	-1.4743	-1.7331	-0.96287	-0.53787
235.00	-1.3638	-1.3677	-2.0064	-1.5644	-2.2027	-2.0252	-1.1778	-1.1974	-0.61340	-1.3658	-1.7854	-2.1139	-1.1876	-0.61340
234.00	-1.6442	-1.6705	-2.4064	-1.9054	-2.6468	-2.4718	-1.4199	-1.3971	-0.70484	-1.6573	-2.1559	-2.5593	-1.4085	-0.70484
233.00	-1.9477	-1.9878	-2.8220	-2.2565	-3.1230	-2.9278	-1.7082	-1.6904	-0.82004	-1.9678	-2.5392	-3.0254	-1.6993	-0.82004
232.00	-2.2847	-2.3644	-3.2454	-2.6397	-3.6526	-3.3914	-1.9612	-1.9451	-0.95274	-2.3245	-2.9425	-3.5220	-1.9532	-0.95274
231.00	-2.6699	-2.7359	-3.7301	-3.0264	-4.2226	-3.8978	-2.2446	-2.2674	-1.1070	-2.7029	-3.3783	-4.0602	-2.2560	-1.1070
230.00	-3.0808	-3.1371	-4.2554	-3.4880	-4.7916	-4.4253	-2.5434	-2.6096	-1.2586	-3.1089	-3.8717	-4.6085	-2.5765	-1.2586
229.00	-3.5117	-3.5527	-4.8161	-4.0138	-5.4094	-5.0008	-2.8446	-2.9398	-1.4153	-3.5322	-4.4149	-5.2051	-2.8922	-1.4153
228.00	-3.9700	-3.9937	-5.3450	-4.5241	-6.0383	-5.5612	-3.1802	-3.2926	-1.5881	-3.9819	-4.9346	-5.7998	-3.2364	-1.5881
227.00	-4.4387	-4.4063	-5.9241	-5.0223	-6.6721	-6.1778	-3.4995	-3.6506	-1.7757	-4.4225	-5.4732	-6.4249	-3.5750	-1.7757
226.00	-4.8881	-4.8679	-6.4776	-5.5349	-7.2890	-6.7943	-3.8193	-3.9847	-1.9207	-4.8780	-6.0062	-7.0416	-3.9020	-1.9207
225.00	-5.3581	-5.3158	-6.9982	-6.0493	-7.9141	-7.3776	-4.1641	-4.3225	-2.0733	-5.3369	-6.5237	-7.6458	-4.2433	-2.0733
224.00	-5.7992	-5.7242	-7.4452	-6.4958	-8.4840	-7.8821	-4.4695	-4.6520	-2.2000	-5.7617	-6.9705	-8.1830	-4.5608	-2.2000
223.00	-6.2212	-6.1157	-7.8816	-6.9611	-9.0242	-8.3867	-4.7471	-4.9505	-2.3302	-6.1685	-7.4214	-8.7055	-4.8488	-2.3302
222.00	-6.6117	-6.4893	-8.2744	-7.3567	-9.5558	-8.8606	-5.0090	-5.2118	-2.4411	-6.5505	-7.8156	-9.2082	-5.1104	-2.4411
221.00	-6.9517	-6.8184	-8.5878	-7.7134	-9.9929	-9.2253	-5.2876	-5.4663	-2.5487	-6.8850	-8.1506	-9.6091	-5.3769	-2.5487
220.00	-7.2328	-7.1065	-8.8516	-8.0266	-10.305	-9.5042	-5.4683	-5.6658	-2.6471	-7.1697	-8.4391	-9.9044	-5.5670	-2.6471
219.00	-7.4354	-7.3186	-9.0220	-8.3159	-10.545	-9.7517	-5.6056	-5.8420	-2.7437	-7.3770	-8.6689	-10.148	-5.7238	-2.7437
218.00	-7.5723	-7.5274	-9.1409	-8.4672	-10.696	-9.8661	-5.7176	-5.9253	-2.8098	-7.5499	-8.8040	-10.281	-5.8214	-2.8098
217.00	-7.6343	-7.5600	-9.1541	-8.4823	-10.705	-9.8947	-5.7380	-6.0330	-2.8332	-7.5972	-8.8182	-10.300	-5.8855	-2.8332
216.00	-7.5402	-7.4913	-9.0341	-8.3899	-10.578	-9.8255	-5.7035	-6.0371	-2.8348	-7.5158	-8.7120	-10.202	-5.8703	-2.8348
215.00	-7.4058	-7.3482	-8.7825	-8.1901	-10.368	-9.6635	-5.6377	-6.0721	-2.8517	-7.3770	-8.4863	-10.016	-5.8549	-2.8517
214.00	-7.1165	-7.1049	-8.3988	-7.7909	-10.062	-9.3997	-5.5173	-5.9385	-2.8207	-7.1107	-8.0949	-9.7308	-5.7279	-2.8207
213.00	-6.7278	-6.7005	-7.9582	-7.3337	-9.6227	-9.0216	-5.3195	-5.8773	-2.7939	-6.7141	-7.6459	-9.3222	-5.5984	-2.7939
212.00	-6.2315	-6.1990	-7.3756	-6.7545	-9.0956	-8.5360	-5.1560	-5.6825	-2.7406	-6.2152	-7.0650	-8.8158	-5.4192	-2.7406
211.00	-5.6016	-5.6763	-6.7023	-6.1573	-8.4526	-7.8944	-4.9205	-5.4532	-2.6808	-5.6390	-6.4298	-8.1735	-5.1868	-2.6808
210.00	-4.8189	-4.9771	-5.9247	-5.4193	-7.7461	-7.1582	-4.6064	-5.1302	-2.5351	-4.8980	-5.6720	-7.4522	-4.8683	-2.5351
209.00	-3.9836	-4.1409	-4.9326	-4.5658	-6.8907	-6.2875	-4.2840	-4.7296	-2.4043	-4.0622	-4.7492	-6.5891	-4.5068	-2.4043
208.00	-3.0080	-3.1900	-3.9309	-3.4124	-5.9219	-5.4285	-3.8595	-4.2298	-2.2740	-3.0990	-3.6716	-5.6752	-4.0447	-2.2740
207.00	-1.9377	-2.1258	-2.7604	-2.4034	-4.7814	-4.4048	-3.3926	-3.6178	-2.0402	-2.0318	-2.5819	-4.5931	-3.5052	-2.0402
206.00	-0.72267	-0.93485	-1.4315	-1.1243	-3.5415	-3.2428	-2.7726	-3.0289	-1.8149	-0.82876	-1.2779	-3.3921	-2.9007	-1.8149
205.00	0.62323	0.33106	-0.064660	0.27408	-1.9964	-2.0260	-2.1413	-2.4246	-1.5861	0.47715	0.10471	-2.0112	-2.2829	-1.5861
204.00	2.1097	1.7190	1.4320	1.8948	-0.23842	-0.61083	-1.3982	-1.5252	-1.2683	1.9144	1.6634	-0.42462	-1.4617	-1.2683
203.00	3.5518	3.1939	3.0348	3.2935	1.7140	1.0802	-0.57000	-0.65998	-0.89387	3.3728	3.1641	1.3971	-0.61499	-0.89387
202.00	5.0440	4.5549	4.6499	4.8102	3.7478	3.1889	0.22591	0.17737	-0.55329	4.7994	4.7301	3.4684	0.20164	-0.55329
201.00	6.5009	5.8574	6.1246	6.3145	5.8508	5.0740	1.1084	1.0989	-0.16448	6.1792	6.2196	5.4624	1.1036	-0.16448
200.00	7.9146	7.1996	7.5175	7.9326	8.0090	6.9144	1.9844	2.0666	0.17076	7.5571	7.7250	7.4617	2.0255	0.17076
199.00	9.2004	8.3892	8.7522	9.1862	10.069	8.9569	2.7846	2.8946	0.40290	8.7948	8.9692	9.5127	2.8396	0.40290
198.00	10.463	9.3910	9.8271	10.306	11.784	10.388	3.4516	3.4997	0.63066	9.9272	10.066	11.086	3.4756	0.63066
197.00	11.414	10.244	10.780	11.389	13.409	11.785	4.3086	4.2602	0.86393	10.829	11.084	12.597	4.2844	0.86393
196.00	12.269	11.089	11.687	12.482	14.771	12.697	4.7968	4.8687	1.0432	11.679	12.084	13.734	4.8327	1.0432
195.00	12.905	11.700	12.254	12.917	15.686	13.266	5.1788	5.2221	1.1989	12.303	12.586	14.476	5.2005	1.1989
194.00	13.260	12.062	12.464	13.279	16.308	13.606	5.3975	5.3580	1.2974	12.661	12.872	14.957	5.3778	1.2974
193.00	13.255	12.111	12.648	13.578	16.415	13.731	5.5170	5.3659	1.3233	12.683	13.113	15.073	5.4415	1.3233
192.00	12.960	11.913	12.559	13.067	16.098	13.194	5.3559	4.9748	1.3888	12.437	12.813	14.646	5.1654	1.3888
191.00	12.257	11.405	11.858	12.488	15.660	12.694	5.1046	4.7304	1.2384	11.831	12.173	14.177	4.9175	1.2384
190.00	11.336	10.403	11.219	12.258	14.572	12.190	4.8695	4.3660	1.1338	10.870	11.738	13.381	4.6177	1.1338
189.00	10.007	9.4488	9.9288	11.370	13.273	11.536	4.2577	4.0257	0.88255	9.7277	10.649	12.405	4.1417	0.88255
188.00	8.4212	8.2800	8.7104	9.9833	11.888	9.7435	3.6434	3.2309	0.65707	8.3506	9.3468	10.816	3.4372	0.65707
187.00	6.9956	6.5321	6.8093	8.7340	10.212	8.6940	3.1385	2.7837	0.37337	6.7639	7.7717	9.4532	2.9611	0.37337
186.00	5.4413	5.1562	5.0306	7.3197	8.0662	7.1441	2.1554	2.1093	0.18559	5.2988	6.1751	7.6052	2.1324	0.18559
185.00	3.7153	3.9157	3.6156	5.6026	6.0180	4.5224	1.6637	1.1101	-0.25158	3.8155	4.6091	5.2702	1.3869	-0.25158
